256027
411291
465548
467155
468200
416211
438187
921979
676172
495633
652234
789130
666825
1154766
763520
771496
722934
719231
1900365
735403
753671
1172171
764310
773238
785869
785048
790415
803121
803197
803198
803199
804164
1008851
1109913
1686683
812161
1391381
939738
943977
823710
827488
830250
827317
837237
1301069
837694
841064
847386
932432
857586
860472
861381
867055
880321
942085
944864
881313
942788
901854
927754
931597
1711021
952383
1564521
959426
959427
959233
962709
969324
969796
975153
1046444
975385
979684
1078421
977770
978325
978326
986375
989603
1026834
995563
1001573
1009456
999720
1011144
1013155
1110881
1762096
1018115
1036103
1090928
1090932
1025551
1032263
1026639
1045663
1027973
1038469
1250652
1039561
1040115
1041727
1091903
1125784
1046293
1554602
2242290
1066809
1113282
1142536
1240583
1311340
1068588
1081059
1961029
1072011
1076701
1082145
1081782
1081885
1084742
1104323
1113057
1099170
1100091
1102101
1102785
1121616
1123155
1123160
1123161
1124857
1743124
1746854
1791963
2272898
2274002
1162811
1165959
1167317
1183338
1532044
1185926
1192810
1192241
1208335
1245276
1302627
1207948
1213767
1214269
1225022
1234535
1294709
1297260
1244144
1414172
1725575
1734126
1248700
1262025
1275831
1282279
1290123
1290650
1296925
1292762
1296305
1303641
1629264
1302566
1302567
1307021
1314214
1315116
1320835
1327000
1332972
1350927
1824415
1355247
1361429
1361845
1372222
1379897
1393237
1568959
1396794
1396795
1400367
1402509
2257533
1408029
1408543
1417945
1435550
2363079
1474012
1511837
1488898
1493345
1513645
1520788
1531985
1806995
1530772
1536489
1536491
1551347
1624962
1624963
1680262
1635124
1966224
1635388
1727980
1795169
1636195
2891246
1673604
2415080
1682101
2373544
1684136
1710926
1719416
1961963
1983436
1725346
1725347
1748071
1727589
1732257
1782655
1734403
1736830
1747614
1750280
1794863
2173405
1757825
1775698
1775699
1776628
1789204
1790104
1794505
1791443
1804913
1979409
2155805
1801586
2104765
1810154
1811389
1813814
1812660
1813521
1817304
1820338
1820339
1828691
1820714
1829794
1836680
1850948
1841906
1955078
1842847
1843130
1848230
1859321
1872989
1875396
1875397
1883707
1972467
1910836
1917285
1911436
1911445
1923556
1939512
1931971
1938276
1945754
1962655
1966301
1975766
1963713
2026941
2035657
1964722
1966084
1971493
1977809
2004420
2007682
2007683
2461051
2017163
2023120
2056998
2025393
2041598
2043178
2028967
2038279
2049605
2034429
2038587
2048601
2052447
2057380
2125362
2060643
2069601
2069602
2084193
2084319
2166045
2607149
2095147
2096800
2104299
2124292
2220146
2126654
2231135
2233156
2251968
2132486
2135202
2133935
2139960
2134918
2156290
2136080
2140939
2141419
2157973
2150449
2164315
2158483
2161350
2162911
2314568
2171935
2201576
2172149
2191401
2193304
2173926
2189653
2222669
2191964
2699387
2196456
2203868
2196764
2200171
2204234
2208203
2230996
2394621
2246654
2273951
2276449
2247587
2247588
2247589
2250670
2250760
2257151
2262204
2267030
2266069
2290041
2270502
2454972
2278105
2419257
2280910
2284524
2285354
2742986
2289889
2294538
2380125
2294643
2374611
2301348
2314157
2369061
2306234
2308964
2320634
2363831
2327276
2330438
2349954
2332135
2335100
2367179
2376642
2367231
2628801
2369235
2369240
2370506
2380900
2394332
2394336
2402851
2407152
3120569
3160790
2407999
2414165
2422504
2445272
2447685
2490294
2497273
2817979
2450295
2483209
2451203
2457055
2459189
2459904
2947175
2461784
2461785
2944895
2462350
3214639
2464761
2468645
2493589
2579124
2479386
2492022
2484998
2484999
2485000
2487965
2493547
2526166
2500910
2829681
2505623
2790439
2510298
2524042
2525448
2535584
3321959
2540371
2631491
2551411
2551412
2576664
2578306
2842231
2583616
2583617
2594785
2584689
2587024
2587026
2589617
2590119
2599939
2590221
2599514
2591254
2591255
2593669
2594993
2602090
2615378
2618287
2620693
2621030
2725342
2797436
2621468
2637339
2628691
2633779
2633788
2643379
2643380
2656244
2654320
2646355
2771907
2647406
2651915
2659377
2659378
2665294
2667881
2675756
2676109
2676534
2684029
2684033
2689510
2689519
2689633
2690858
2692144
2694184
2699247
2709081
2749879
2703869
2708442
2710346
2710347
2714361
2714748
2712623
2715370
2719302
2719303
3197548
3197550
2719875
2740274
2804276
2728312
2736242
2740495
2750909
2750999
2760729
2761831
2761854
2773398
2789683
2777125
2794301
2788624
2808923
2815257
2811014
2812676
2831735
2835869
2840740
2842243
2864233
2864285
2879997
2907854
2916562
2917625
2923287
2918482
2967165
2928684
2947984
2952014
2962189
2950420
2962206
2988239
3001448
3024505
3047001
3081546
3085953
3113345
3095680
3104522
3115920
3305396
3121640
3130522
3130523
3150351
3150902
3155137
3161838
3167229
3168035
3169153
3169154
3194831
3196323
3203760
3205755
3229006
3232558
3263082
3299389
3333705
3351795
3386357
3386358
3412659
3459651
3481299
3481303
3503003
3565301
3565302
3591499
3740675
3784851
3802215
3880894
3890657
