3160794
2831724
2026805
2077120
2077119
2077121
243656
243657
2661624
2732588
2732587
2699196
3243663
433168
408378
305227
547874
556682
760779
1361805
877312
1907933
1889232
641071
2006107
1998195
1989886
3082675
2646572
2637980
949234
2015643
657917
658127
657916
1648055
1644535
1644648
2141415
1831083
1415026
1317186
3206068
526757
2659368
2659369
2826730
1838165
733963
3157389
3069490
581939
2594030
2017276
2026358
2021526
2019892
2016040
3034573
2411485
2398422
2398423
3044911
2362339
2328816
3052611
635679
2702380
2930827
2930826
2405862
2405863
2882382
2830966
2873968
2013
2036340
257793
118969
118971
869491
2056505
708466
793845
1860767
1860763
1421048
1752926
1722835
1752927
2122535
2628639
330273
330276
2983479
3206402
2872154
480405
2613136
2659870
2907162
2670759
2510533
2636406
2471632
1685792
1685794
1685790
1685786
1685789
1685788
1685787
1685793
1685791
764292
3249380
2477069
2477065
523376
3144118
3299406
3004561
3431510
3438225
3493711
3322513
3108159
2541686
2541684
2719282
2719284
2719283
2904852
2173528
2980668
3164314
1918015
2603758
2761040
2522864
2154431
609843
2948669
3141681
3141685
3435049
3310526
765740
1808605
1876995
1779343
1310748
1350134
1317090
1304049
1306871
1816169
976409
970233
724194
988403
528959
2601556
2819791
2477046
2477047
3289012
1990718
1766008
1749822
1957429
1964152
1964153
1951721
2039119
1544604
146985
281631
281632
235470
2976168
2974083
890329
2324154
2893329
195305
3263098
2593365
2764088
1908551
1906416
1922675
2655635
2655634
656184
393845
656186
656185
3076939
306683
2365928
2467744
1637465
1148303
1104057
2455776
2449759
2176922
3169717
3205535
3289450
3784901
3141960
1826282
2565902
2321277
2249464
768307
789752
2861267
2902017
978774
2330482
2730041
902716
1582287
2348349
2196329
3313438
2943621
2970030
2680248
3144478
3196322
3276724
3133842
3471880
1323758
1310371
3168048
1925798
1932489
161534
223397
2322259
1380717
2953828
2587503
2002882
3128609
1434424
3591502
3154777
1152893
1039801
1023355
1242897
2918272
1176958
986939
3057682
820835
2135058
2105741
2082007
1803763
2082006
2082008
2689713
743896
3168661
2477243
3168871
3192017
2257502
1578256
144029
977875
975588
3287781
2765068
1243846
2752177
2336532
2856401
2948446
537808
386899
789668
2026835
1860169
151229
3414173
2881619
938613
1996995
1231538
1009197
658561
1139787
2677494
2677495
2677493
2677498
2677497
3591067
3551549
1634985
1634984
3644971
3724615
3644997
3652123
3666536
3665005
3648544
1813803
1836687
987223
2419749
2242435
2242434
3170564
3170566
3170563
1330828
3443569
1774140
1763937
1763938
1358181
1358913
3465034
3333669
2918146
1983303
1978717
3192005
3385967
3385965
3385966
3385971
2903131
3229017
1181761
1245365
1188172
2633688
2633689
1688885
1665868
1744286
3278348
927672
2841428
2583501
2583505
1997892
1579914
3029722
1803313
3412256
3178933
3322613
1726994
3081743
1499108
3008695
3008694
2271070
3494362
3020230
2708949
1972186
134856
894744
1354519
874858
1040424
1557181
1802630
1619453
1678973
1740092
2027309
2099676
3008936
129891
239421
240488
462700
153066
1257564
1863201
1843575
2207855
2227418
2189610
2341602
1469136
1109572
1564926
1909963
2245147
2232865
2044722
2447685
2155550
2680501
2954864
2874944
546944
484036
1387233
1168783
920704
974975
1553251
1660602
665721
158123
169841
394069
532036
795096
2285424
2598804
721995
140665
305948
2034284
3262862
1158582
897279
1243791
1191349
1935880
1902799
1968486
2005910
705111
1455320
1439240
1306399
1419149
1679782
1794298
796161
335041
439135
3036867
1774031
386760
517308
682053
281036
2182118
1140187
1476582
1821815
1962277
750244
740044
786379
416971
2221510
2201521
2394997
2047528
1389624
1086052
1862241
1958623
1938201
847199
1451342
1038376
1156536
1419975
1100429
1693575
1603596
1840374
2016168
1884388
