3263248
3033108
833389
2700747
792011
1768260
3601680
3601683
3601681
1191831
1191832
3155868
2784484
3004787
2985706
1985100
2011390
2956199
3019856
3103657
2943086
3103655
3019857
3103656
1603596
1603595
306934
2575572
2893305
2581265
2659349
2471716
1947202
1926750
2026391
2437708
2844883
2246659
2282368
2318302
2452634
821238
827835
835047
168031
1595870
1568225
1479411
1492621
1493143
1935880
1902799
1871128
1435653
1509915
2038186
2038185
2251000
2414804
1861701
2823866
2810472
2563869
2506968
2486052
2100850
2177100
2067859
2784409
2843299
2784412
2592046
2588702
2588321
2919880
2675202
2017579
1983180
1559974
1609253
2668591
2668594
2844122
2113366
1968148
1975886
1387233
1437419
1562551
1648505
2218844
2719328
1466728
1426926
1434351
2765544
778603
821336
2133726
2142807
2203226
3146893
2842819
2622415
2279885
2846548
1843231
1843236
2989093
2155904
2123641
2461363
2430730
2956920
2956919
2738991
2866206
2756144
1584957
2246356
2234808
1430503
1850085
2153771
1377739
2090255
2061247
2072475
2076801
1271397
1565720
2230657
2239984
2035761
2987037
2246412
2680934
2233533
2249464
1120184
3224533
3333699
2185106
1350353
1783013
1783014
1783010
1783011
1783012
1603080
1701715
1700562
1603081
1707533
2167265
2227418
2200626
1988066
2446893
1731978
2651784
966034
1816733
2237046
3093485
1970032
1965863
1968077
2701902
898106
327229
327230
202756
137296
1451733
1463294
1483948
1244426
1457925
1874847
1874846
2065308
2683038
194320
194322
2057898
1584261
1640115
996136
879312
2927129
2899404
2043968
3675568
2828902
2777517
3193021
2169496
2197053
2180986
1042458
1043223
1055190
3169574
2769188
571247
800502
3059194
2144225
2144226
988684
1062212
444565
2854590
2854589
2511242
1217004
1211828
1289398
716398
1739893
1742530
1139440
1748777
1748776
1748565
2028973
2711069
2692632
2636826
1440743
1850329
1884623
1849148
1836239
1843708
1225554
1222034
2175863
2208453
922916
2709056
454024
2295693
2254959
2256517
1253062
2968616
3025357
2208939
2261360
2233164
92780
2291776
2167576
2096523
1746520
2318910
2318911
2283725
2527866
2527867
2882313
2811763
2068313
2866073
2071421
2141636
3404214
2722172
2547084
2936071
1978280
1993354
1973805
1988332
832750
2269795
110914
1603540
1927613
1912325
1932857
1907880
2807858
1457104
1461594
3144391
2465287
2457465
2457461
2105177
2497505
1164369
2686649
2633136
2034895
1858652
1083202
2872190
2533116
2965623
2138942
2248408
2185651
2729687
3813026
3316856
2890370
3316857
2054203
2054204
2054194
2054200
2054199
2054205
1476104
1451540
763289
1556011
1538159
3143257
1821815
1821814
1796164
2640443
2800903
2800904
2968941
2735463
1577423
1781806
2957541
2817424
1901149
1896862
3072831
3072830
2655469
1006994
1605312
2190586
1544460
1603296
854317
675659
818370
3106044
3053795
815857
1804515
1818404
3324215
1753120
3299411
2719429
2719427
2219160
1862521
1862523
1156536
1566520
1558884
1526485
1652184
1710158
2535967
2535968
2565022
2388562
2955078
2781252
1360583
1627723
2453613
2493468
2928050
2686352
2686355
98415
3037872
2645666
2593243
480892
480891
480887
3142389
2437716
380029
177493
176069
1476144
1476130
1572141
1572152
888715
2699135
3119075
1958623
2134428
3287483
316018
709267
888768
871861
146610
2015527
719443
682994
2429779
1419975
1884850
2631167
1948937
1395967
1481140
2690998
2680834
1012160
2624227
1919057
1918539
2255709
2255705
2103253
2244254
131564
2442178
1887289
2367232
2270137
2021515
1901422
2047528
1509639
1515652
2596847
2309006
145669
2624042
2294521
2300237
292999
1703567
1921069
1921070
2812266
2766956
2745135
649034
2006053
2226932
2574593
2594547
1513529
1864175
2946166
3009647
2793108
1063108
1856461
3002756
2224372
1009327
283509
410858
2928836
2389811
2569284
1411794
2223096
2380608
1992818
1554749
2195989
3181080
123374
2180681
2736518
1707233
1559432
160486
2446006
1414767
1413113
1476582
2161658
3168353
2460797
2488655
2875778
1218637
1178184
3311036
2985110
2633685
