1752817
3299359
1722011
1737928
1722775
2615879
2617306
2023935
2044890
2095627
2034588
3287875
2733296
2659353
2361622
1418503
1487797
1478117
1435452
1451216
1418502
3481644
3481645
3333703
3156883
2827764
1572436
1545078
1875484
1442763
1444316
1389757
1626314
1171420
1527979
1566610
3010637
3073557
1649001
1694553
2529681
2480417
2442117
2442088
2432498
2506184
1299008
1189538
2237074
2196727
1284430
1245231
2531431
2610929
2610932
495541
910352
904351
920889
1421593
1512093
2275143
2379722
2187344
2182383
995533
990396
2848899
2848898
2852271
2227739
2251476
2182118
1782425
1781731
2042694
1782387
1782388
1782390
1782389
2303940
2337780
2412943
2303941
2266087
2323943
2412942
2303942
2466389
2310873
1725369
2793268
2803777
2265623
2239073
2057956
2133938
2234222
2565415
2622409
2764843
2070414
2339870
2110755
2275701
2275687
1040647
1034472
1085207
1063364
1038699
1085206
1042243
1442992
1296538
1307659
1341641
1305761
1359916
1358749
1371390
1029677
1077604
1097509
1081292
1038473
1726857
1756216
1734156
541990
908093
971086
3333448
3333446
3089374
748656
2918191
2909812
2913566
3032444
2776702
2910854
2930403
2922201
1492628
923389
923384
980736
977198
2220267
2220536
2220535
2220534
2220926
895478
843411
866662
2147091
2146372
1444358
1701907
2844308
1844019
2785316
2785319
2418108
2532012
2542628
2418106
1656879
2768155
2768158
2768157
2248408
1884850
2385599
2384888
2385598
2385728
2333525
2369202
2316728
2316729
2135261
1971922
2015201
1765081
3180421
3180420
2908653
2907086
2906211
2906715
2977897
2141331
2137778
2145701
1656911
1656914
2633668
1582902
2708979
2708961
2708957
2708968
2708970
2708960
965524
867819
870481
973046
2915338
3087146
3087147
2811326
2824210
3263131
3169644
3169643
3871738
3059216
3186407
2731544
1382561
1347099
1348414
1475812
1193089
2529041
2791096
2376713
2478570
1252022
2148690
2062913
1726617
1710845
1710847
1921147
1710848
1977469
1988829
1989536
2004828
1710849
2281165
2330589
2276025
2855837
2260036
2502505
1772923
1564457
2779107
2779110
2779106
2779112
2779111
2779105
2779114
2779104
1802225
1843575
2305316
3017559
2305317
2402482
2305315
2369325
2590756
2590758
1809677
1864300
1845341
1201899
1693575
1694583
2733940
1506395
1716034
1501410
1469136
1562497
2533431
2043907
2011977
746315
733432
1877730
2956462
1971717
1971720
2048180
1967401
1971718
1963977
2165188
904742
905761
2623950
1495709
1655419
1743693
1426038
1430822
1430468
1663134
2611132
3182614
2258374
1068592
1804058
2579159
1241865
494818
875324
869286
1562545
1562547
1562549
1563057
1562546
2204391
2198659
3315949
1615502
842512
1152014
841899
1296164
2143344
1731655
2040438
2049110
1859742
1864662
1859132
1844382
1819249
1815278
1958096
2300525
2196768
1586083
1773876
2424768
1522511
2470619
1976040
1966769
1962955
1534949
1546209
1566967
1655332
1599426
1605179
1536579
1543234
1603376
1619335
1701590
1610025
1579624
1674139
1567481
1702072
2311510
2745957
2833226
2317802
2324729
2301034
2413619
2288616
1245003
2756003
1171316
1046977
1040424
1048276
3066436
1086109
1586427
1610567
1612281
1586591
1691949
1766514
1970128
1960286
2022378
3144425
530250
1082510
3404788
3802313
987514
941044
1606977
1603128
2921554
1481624
1496794
1498091
2164120
1842523
1992967
2195883
2251036
2321171
2319981
3181967
1208032
1215429
1182535
1351972
2788974
1578351
2621145
2621146
2365948
2371698
1368564
2327841
2355252
2402115
2267412
2267413
1699340
1814069
1814107
1814068
1454407
1342357
2296799
2295254
2058636
1110112
2055575
2040486
2645464
2709210
2637278
2969095
2113585
2153280
1914037
1924570
2946457
2585627
2605356
2578464
1994789
1771721
1944890
2352233
2358960
2458161
1650139
2504345
2478414
2432636
2521073
2520633
2520609
1659770
3020246
2011189
2011188
2009432
2034488
3003419
1652613
2415132
2411157
1632050
2438517
1632051
2438516
1656233
1950290
1950959
1657931
1946834
1984256
2077854
1984258
1517055
1464587
1464584
1464582
1464581
1464591
1464590
1464448
1464585
1498891
2605902
2148623
1571592
1573999
1573997
1574003
2218604
2643115
637391
647519
2154178
1559554
2191372
2191373
2361457
2332178
2242173
2250833
1857321
1836165
1816793
2696226
1639734
2660097
1899815
1894825
2182929
2455153
2699222
3124446
2201524
2201521
2738964
3831280
3603353
3069004
1291481
1100429
1104818
571620
655794
1050214
1627858
1345663
1630556
1345661
1678973
1777067
2473466
2719943
1578784
1741093
1740092
3156268
1593926
3079740
2034284
2087044
3126033
1628302
2595654
1578322
1714884
2256091
2114786
2216541
3004748
2831915
2831914
2303909
2303910
3205283
2625175
2801406
2631924
2685242
2187624
2136959
3459454
3501212
3193011
1617055
1690475
1908705
2907229
1512807
1582594
2970565
2699240
2176538
2363847
2036061
1966086
994310
3204087
1062577
1809232
1821234
1781876
2966498
2724800
2990225
2153590
1419875
1392244
3205720
1287822
1775314
1671458
2394997
2395150
2469542
2436189
2395149
2388288
1805438
2623955
2722432
2722429
1541098
2719485
2592760
1569152
2929068
2489209
2415770
2680328
352863
2416430
2416428
1567435
2006067
1396902
1342244
2680792
2680793
2265852
2394122
2651798
2432692
2134989
1784484
665149
3044230
3099315
1521299
1608992
1184958
1993172
2915478
2085958
1392666
1392667
1576337
1774031
