1347584
3180896
2220546
2463764
2463763
2288724
2288722
2463762
3033662
3033660
3033661
674932
674935
674933
3287485
837014
735833
1265343
1938201
1927665
1944228
1927666
2830531
2830530
2830529
1661565
2589997
547566
1176997
3130037
3034033
3409211
3168378
424925
383939
360345
850796
850797
3216854
3322566
3199271
3096789
3295368
3276914
3181311
2207682
2195031
3018465
3459995
1245365
1181761
1188172
2223742
2222880
2279004
313429
1358181
1358913
2472303
2473039
744673
744672
1936561
1900116
2129097
1869619
1915983
95382
772461
718032
720193
263384
263380
3204875
2680247
2635971
2654458
2635981
2731700
1099473
1099474
2786752
2786753
862246
2892136
1289937
2680522
1648053
1644648
2444332
3102501
3120531
1636127
2952502
2106506
2624008
2156070
2137969
2132924
2689459
2062625
2063785
1029307
2643109
2643111
3045916
3045915
517308
1300480
1625343
2249015
1229702
1215688
1051486
1579914
1653233
1626385
1614500
1903676
1924478
1924479
164432
3117956
3206615
553131
552068
555797
2837737
2109448
2185951
2207855
3218308
2981278
3170315
3071701
3071700
2010058
2006569
2006819
1647345
1530797
1535062
1065821
1073789
2998444
3243569
1150882
1972186
1377957
245284
262302
279481
83975
2039845
794779
789765
792989
622137
1810374
2881154
2881155
3169031
2719305
3179665
2173865
2557524
1632337
1623397
1846898
1593690
1605412
432155
1918734
2166322
2349407
1730657
2613076
2276090
988082
986232
986861
992474
929941
943380
3157792
3168762
2156392
1021421
1056698
169841
168504
368238
893916
929118
900935
3208695
2670818
3208691
1002857
2603674
2651796
2624041
1990062
1833710
2643167
2708952
394069
107434
2081740
2650676
260843
