2561965
1907199
2077273
2120117
2536882
2546844
1278874
102441
1591138
1809913
1809909
2907728
2651787
2792912
2803688
32570
2256378
297463
2498577
1271476
1246534
1359623
48098
1713929
180520
1389956
1491800
1415526
573861
2205657
2198640
2209919
2226504
2646589
2613064
2822369
2823535
2708983
2719327
2719326
2955142
3557418
2890902
2852981
102736
2170923
2134823
3002063
2631156
2633634
2656852
2115738
2113754
2849415
2847746
2754917
2744506
2708997
2735614
2417422
2596971
1061972
2983174
2983190
2992855
2828365
2888635
2549390
2561615
2507884
2430410
2771171
2651794
2850156
712015
1654883
2484271
2463985
95954
3069381
1582988
1310626
1556011
1593262
2815972
2702975
522348
1245714
2234458
2730819
39076
1482677
2694598
2787781
1439335
1901422
2569027
1481149
2341682
2361457
2966209
1239979
1277591
3313177
3395094
1837462
154988
3020221
