1758255
817929
1717456
2534559
1018019
2246654
2273951
3554363
2916562
2923287
1805627
1860991
3031797
3115920
2281078
2903363
2902513
1995114
2238881
2171675
1480366
791264
1187302
1836680
1850948
2240526
1961029
1081059
1068588
2064453
2540371
2631491
2591255
2593669
2301247
3103322
3166325
2098940
3299389
2452076
2790439
2505623
1639108
2431332
1900365
735403
3527367
2171935
1162811
1184664
2140939
2157973
1366917
3351795
3745820
2715370
2150449
2164315
1641323
1626300
3277371
2647406
1046293
2096355
841064
2689633
2633788
3256946
793846
3287712
1672165
2290007
1277926
2633335
3169154
3169153
2725342
2621030
881313
2546607
771496
763520
1289675
2078195
1502044
2173926
1041727
572051
899732
1185036
2134538
1166087
1754659
3414730
2117268
821070
2995484
3040107
2167561
3142494
2864233
2503993
2708442
2947175
2459904
1786106
2694184
2950420
1414400
2699190
1807735
2314614
1173113
2829681
1872989
2510298
1647382
1680262
1624962
1624963
2052447
2125362
2057380
3784851
2004799
1939512
1923556
2808923
3130523
3130522
2317127
3427307
1518701
2272898
1791963
1746854
2274002
2773398
2789683
2201298
2839813
2325387
1087334
1677545
2217317
3690248
2414165
3408413
3007202
2367231
757003
977770
1078421
1047758
3048435
2013012
1810154
2526166
2493547
2374611
2294643
2187679
1721685
2035779
880321
939072
1922277
2450295
2483209
2324161
891867
1584604
1587275
1158325
1657952
3263082
1299791
1583228
2298847
1092364
1474012
1511837
959233
1828691
1820338
1820339
2712623
1564521
959427
1588701
1588264
2407999
2162911
2314568
2461785
2461784
2944895
1160280
1697643
2233205
958038
3291179
3451313
1517511
3088775
2464761
851255
2705665
1909273
3215357
2200063
1487213
1260538
1317992
2407152
3120569
3160790
2946220
736215
985004
2445272
1527747
1148904
3012187
2583616
2339070
3331478
1490015
3579281
3542643
2564395
1690353
1008851
1109913
2421769
1281115
2084319
2166045
2485543
2786685
2924443
837237
827317
1843130
1842847
1036841
1069966
1049962
2285354
861381
867055
2777125
2794301
1690244
2829777
926143
3658332
1162425
1385398
3584338
3725129
1169701
2486948
1554602
888010
888015
888021
1719416
1983436
1686683
812161
2761831
1546425
1563445
2739658
2104765
1801586
1541853
2262204
1829895
1083054
2382427
2736744
2330438
1009456
901854
823710
1141858
773553
3232558
1815453
1640115
790048
2750570
256027
1160996
1290650
1296925
1056562
3081546
1355247
1979409
2548533
3793751
764310
1172171
1050198
2332135
764082
2288582
1034570
519401
1371599
1002613
2564639
1064909
1065863
1165959
1183338
1532044
1167317
1836593
727715
1090928
1090932
2335100
2158483
3189824
1590239
1076701
1082145
2639521
2914496
3594038
3068492
1084742
1113057
1104323
2230996
2280910
1733305
927754
2643380
2643379
1114132
3197548
3197550
2270502
2708955
2276210
1343792
3045279
2509495
2250670
2582524
2101986
3708690
3740999
3682178
3666952
495633
613823
657509
679779
465548
656385
438456
47359
438187
921979
887556
223397
918428
1102785
1061459
1060503
1099170
1081885
1152893
978326
978325
581623
785048
142954
942788
1053130
1105826
1123155
1307021
1266164
1155264
1245345
1540269
1725575
1710926
1636104
1618986
1536489
1536491
1479842
1635124
1966224
1488898
1520788
1531985
1806995
1707318
1829794
1883745
1936713
1974602
1813521
1817304
1824415
1350927
1825953
1940170
1963713
2035657
2618287
2620693
2567564
2557665
2589617
2556965
2637488
2485000
2590221
2587024
2587026
2607149
2172149
2193304
2191401
2231135
2126654
2189653
2222669
2204234
2208203
2176046
3085953
2995730
2879997
2834295
2883760
2928684
3121640
2891246
2984502
2839123
2462350
3459651
857586
777074
657916
799166
338682
1115737
1290123
1414172
1244144
1066809
1240583
1311340
1142536
1245276
1302627
1192241
1360912
1435550
2363079
1124857
1115206
1073279
1204535
1301069
1073789
1522331
1522330
1522332
1522333
1522329
1629264
1303641
1520550
1971660
1820714
1872562
1841906
1955078
1813989
1966553
2578306
2602090
2525448
2148514
2266659
2962206
2838224
3047001
2988239
3243028
2967165
2842243
1026834
995563
847386
765740
962709
751984
1524183
1701160
1655167
1630565
1646696
1688157
1734403
1635388
1795169
1727980
1679794
1544643
1770368
1593252
1934098
2017880
2070594
1977444
1977809
2042533
2117380
1837093
2135202
2132486
2568969
2524042
2719303
2719302
2593923
2689519
2710347
2714361
2543595
2551412
2551411
2498021
2394332
2314157
2301348
2369061
2257151
2223963
2394336
2410799
2184125
2161350
2367179
2302319
2297302
2266069
2327276
2137749
2284524
3024505
3040755
2982131
3193043
3333705
3101226
2844390
3194831
2907162
3216821
3192695
3179908
3155137
3203760
3196323
3167229
804960
975385
1046444
1009363
837694
835314
803121
1361429
1255495
1142251
1331324
1403318
820737
1025551
792989
2719875
2579124
2676534
2726346
2497273
2447685
2667881
1513645
1562547
1711021
1459734
2067859
2048601
1848230
2131275
2122301
2082006
1981240
1957283
2348869
2361635
2389725
2177848
2231704
2247589
2247587
2247588
2267030
2274038
3104522
3276259
3153603
3161838
3159026
3262706
3227490
1010809
775513
725026
819381
975153
1292762
1132846
1349686
1248700
2621468
2689780
2703869
1657285
1755497
1702903
1682101
2373544
1738018
1680755
1618099
2063785
2023120
2056998
1986326
1811389
1813814
2389623
2478036
719231
803197
803198
803199
989603
986375
1026639
1045663
1125470
1408543
1185926
1192810
1105014
2657558
2657557
2684033
2798282
2685141
2659377
2659378
1794863
1750280
2173405
1725346
1748071
1725347
1508978
1573918
1636195
1895993
2021287
1875396
1875397
1931971
1962655
1966301
2449190
2196456
2238810
2299186
2456481
2342037
3168035
3205755
2840740
773238
785869
646087
611753
969324
161534
658561
733432
1320129
1296305
1400367
1417945
1262025
1225022
1332972
2802324
2675756
2750909
2750999
2760729
1744742
1744194
1723257
1808741
1524357
1732257
1782655
1698115
1747614
2084193
1942388
1910836
1917285
1954858
2136080
2301485
2301486
2411125
2322888
2332963
1148697
1274583
1250652
1372222
1379897
1568959
1408950
1391381
1361845
1314214
1121616
2740495
2659724
2742986
2728312
2651915
2777202
1752817
1727589
1728042
1736830
2097124
2043183
1937819
2118714
2278105
2419257
2335553
1279424
1154766
1374121
2680280
1639219
1553352
1466471
1605108
1530772
1450182
1780800
1466000
1684136
2102902
2007683
2086666
1986140
2104299
1938276
2386178
2423209
2308964
2422504
2323381
1643641
1972186
2133935
1984141
1859321
2250760
1027973
1018115
1110881
1013155
1039561
1001573
1011144
2028967
2049605
2060643
1972467
1964722
2134918
2156290
2223872
2069601
2394621
2369240
2369235
2370506
2380900
2402851
2457055
2451203
2864285
2812676
2811014
2788624
804164
969796
2576664
2487965
2096997
2590119
827488
830250
789130
652234
2196764
753671
1100091
1408029
1402509
2257533
2035706
1943282
1966084
2200171
2038587
2034429
2363831
2689510
2615378
2962189
2947984
2952014
676172
3073370
722934
1967558
2918482
1396794
1396795
1214269
1789204
1775699
1870002
1493345
1234535
1320835
1315116
1327000
2787961
2261208
2676109
2835869
932432
2220146
2124292
2191964
2771907
2646355
2468645
2555269
2594993
1757825
1072011
1040115
2831735
2500910
1911436
1207948
3198042
2907854
931597
860472
2289889
2380125
2294538
2017163
2740274
2804276
2535584
2749879
2699247
2709081
1282279
3095680
2306234
2628691
1883707
1639118
1776628
416211
2004420
2096800
2095147
2692144
2654320
2736242
2665294
3150351
1945754
1794505
1551347
1812660
3771944
3666797
3875306
2843995
2584895
2348878
2982835
2259898
2948845
2006543
3287758
2916970
2652057
