2471716
2026391
1717644
1841365
2800904
2800903
547566
717133
2809623
1862523
2219160
1862521
2452634
2729687
2543990
2458212
1766664
1791803
1669721
2992795
2992705
1544460
2257519
1707533
1603081
1603080
1701715
1803114
1813622
3105129
3311309
1924570
1914037
2223096
966034
3320608
1426926
1434351
2956920
2956919
1517974
1570547
3324215
1638680
3420529
1888082
2251000
2790573
1988332
1973805
1993354
1978280
2596847
3136057
3089024
2875429
2133938
1559974
2535968
2535967
2134823
2133726
1649916
1722791
2811763
2882313
2765544
1191831
157321
104842
1927613
1912325
1932857
1907880
2219878
2041205
2025345
3208341
3240001
1648505
1562551
2418108
2532012
3168981
2445848
3263248
3558555
2709056
1566520
1710158
1526485
1652184
1156536
1457104
1462834
1458529
1461594
1419975
2730292
2730291
1985100
2011390
2095041
2727064
324516
1579823
1991145
2852981
1908705
1469136
1501410
1562497
2281299
3126120
1465195
2038186
2205164
1781806
1585398
2658705
2720001
975517
2719326
3002063
2987037
2717891
327230
2812266
2766956
2745135
2287891
2344652
2719328
1049018
2119027
2164095
2063642
2164160
2391463
2085794
2856171
1968148
1313816
3172579
1796164
1821815
1830502
1979601
1986140
1419149
1342357
3143627
1818404
3323779
3224533
1806531
3460802
1178184
1218637
2084677
3277598
2164787
2459171
1725532
2719427
942136
947509
3366726
1460627
2388562
2838224
2347627
2348761
2843799
2728951
3068699
3068700
2100850
2067859
1505448
3246722
2161658
2227418
2167265
1329559
1354636
2708983
1935864
2437708
1959413
2856086
2909397
2856173
2668591
2507884
2195989
2784409
2843299
2784412
2575572
2596103
1731978
2446893
2894054
2294521
2300237
3047440
316018
1803623
1970032
3187413
1442631
1401231
1921069
1921070
2699135
2725845
1710182
3088405
1211828
3200376
1024829
763289
1551848
3256946
2160936
3459770
1784323
1049617
3347941
3371443
3400087
3406997
2057898
2183287
2175863
3181310
2384031
2332135
1220396
1935880
1871128
1883717
2736518
2781252
2955078
1958623
3119075
2015527
2131792
2367232
3181080
485109
2868388
2868387
1918539
1919057
2486401
2486013
3172759
2266726
1451540
1476104
2254959
2429779
3033108
1541385
3434683
1706958
2034895
1969064
1858652
2596971
2738447
2636826
2711069
2692632
1886627
1476582
1451733
1463294
3235170
2259972
3183708
2966209
2998515
2622332
2517565
2417486
2593243
2645666
2250471
2708997
2255709
2180883
2533116
2431786
3183543
1818604
3473962
3614063
2574593
2594547
2865359
1935726
1528842
3143258
3143257
2675202
2777517
2828902
2261360
2208939
1759171
1872812
3347723
3331731
1232752
2581860
2655469
1575327
118068
3002756
3466259
674932
682994
719443
716398
765740
785113
729619
733432
776594
684163
725026
1253062
1104818
1296164
1107300
1158221
1208032
1215429
1097509
1094551
1176958
1217021
1120184
1116977
1405185
1352602
1477241
1396902
1418503
1456417
1440743
1430503
1414767
1413113
1417513
1419003
1457925
1244426
1631406
1605312
1603596
1603595
1632051
1656233
1608992
1521299
1627723
1626314
1389757
1615502
1734156
1726857
1756216
1746520
1842523
1785322
1816733
1814069
1814107
1814068
1804058
1834172
1891907
1794298
1988066
2017579
2023935
1971718
1971720
1971717
2028973
1988829
2011189
2011188
2034488
2148690
2148692
2182118
2251476
2203226
2153771
1850085
2137969
2196768
2134989
2187624
2136959
2148625
2218604
2220267
2220926
195305
50712
177493
176069
134563
281035
281390
879312
996136
923384
977198
861856
984660
1029719
908093
1071438
1009848
863542
1373874
1411707
1411708
1351972
1578322
1582594
1610567
1697022
1694553
1884623
1836239
1849148
1843708
1856461
1805438
1843231
1950959
1950290
1955676
2006080
1972186
1150882
2204391
2610932
2610929
2531431
2651798
2621443
2430730
2461363
2420241
2376713
2529041
2388297
2361622
2520609
2521073
2389811
2893305
2785316
2848898
2810175
2866206
2756144
2846548
2989093
2928050
2965623
3229026
3228591
3205720
3232595
3251845
3182614
3241947
3185984
3301301
3193011
3333699
3193021
3205991
3287483
3299411
1382561
1206499
1232039
1164369
1360583
1565720
1578256
1566637
1508083
1559554
1519914
1475722
1476144
1567435
1657931
1694395
1726866
1739893
1648053
1694583
1693575
1768260
792011
1656879
1896862
1907437
1844382
1883952
1896581
1858570
2009880
2012548
1993172
1949860
1966086
2020375
2053770
2028583
1968115
2185651
2154178
2242807
2141331
2145701
2137778
2250833
2219809
2622409
2623950
2680328
2517999
2457461
2465287
2457465
2355252
2700747
3128396
3068838
3053795
3276740
3229021
459616
63804
235470
160490
92780
209576
98415
1042342
842512
833389
1003866
1093661
1068592
822938
904351
824359
684970
827926
820336
1092615
803739
890915
880761
1411794
1398810
1392665
1392667
1345663
1345661
1299008
1127971
1492544
1483766
2708960
2621146
2686289
2633685
2625175
2680792
2659353
2733296
2633136
2686649
2687032
2689525
2699240
2633668
2426162
2361457
2371698
2316728
2319981
2251036
2195883
2446824
2379722
2182383
2446006
2588797
2385728
2363847
2416430
2399834
2480417
2968055
2985706
3004787
2929068
2909812
2943621
3106044
3126033
2793268
3181309
2973666
3020554
439135
369868
44782
1497525
1569488
146985
386760
283509
454024
475805
1859132
1672513
1701907
1762037
1736085
2167576
2096523
2176538
2153280
1994789
2057956
2049110
2067296
887144
987514
1058995
967558
1595870
1572436
1596569
1463237
1538272
1578351
430110
305227
297463
146610
613823
618865
1894825
1944228
1938365
1936561
2123262
1764665
1714636
1714637
1776939
1624291
1600778
1750069
1731655
1740834
2233533
2174965
2246356
2047528
2022378
2034145
2055575
2040486
1166899
1188172
1306399
1245231
2690998
2680834
2605902
2640274
2660097
3071710
3155868
2854589
3180421
2582733
2493468
2322259
821336
778603
701033
994310
1083202
888715
803199
904077
898106
821238
827835
1464221
1509639
650610
352863
637391
647519
281069
649034
330276
529358
1853452
1717182
1773876
1707233
1784484
2265852
2256378
2230657
2046495
2034284
2058636
1291481
1222034
2680934
2643106
3059194
3156268
3103655
3019857
2890370
2946166
3009647
3124446
3037872
3113436
1481624
1509637
1554749
1602635
1481140
1577423
145669
541990
119238
444565
421743
1878931
1876995
1945754
1843575
1609215
1650139
1703567
1722011
1722775
2615879
1772923
1752368
2305315
2279004
2223745
2244254
2076801
2072475
2039839
1984257
2054203
1121504
1214269
1387233
1437419
2722429
2729414
2651784
2318911
2318910
2453247
2323943
2303942
2337780
2506968
2563869
2486052
790229
832152
1009327
953945
998183
922916
847314
1055190
1043223
797658
1050214
1475812
1464590
1464448
1469240
1572141
89229
168031
404440
495541
627961
1775314
1752817
1639734
2296799
2276025
2260846
2279885
2068313
2103267
2034588
1278874
1252022
1389624
1318360
1377739
1184958
2622415
2735463
2595876
2768155
2442088
2442117
2478570
1578798
1538480
1506387
542336
480405
634351
1848810
1809677
1864300
1812405
1802225
1782387
1781731
1776455
1678973
1741989
2309006
2089376
1966769
2035761
1189538
1184609
1234064
1341554
1241865
2352892
2499391
2581265
48098
93426
588523
494818
536476
2143344
2234222
2226504
2220831
1971458
2074994
1258101
2473466
2455153
2527867
2442178
2538865
1048276
1018247
1062212
800502
832750
2362655
2504345
2588321
934812
1062577
895806
771858
2686386
2745957
2659349
2731139
2320392
2569284
1748667
2301479
2476527
2462486
1948937
1992818
1864714
1201131
2224372
2415481
2866073
2107577
1507125
2194972
978213
2489378
1615427
2807858
1329592
3168353
2731544
1201899
3283179
1938110
3505987
2391478
1135897
2547084
3041616
3731216
1513529
2696226
3148850
1840498
3146893
2422388
3407111
3205635
492064
791264
2201824
2200811
2460797
2073076
1617066
1618679
2562227
2106916
2232127
2228961
194322
102290
2517107
3621507
3729743
1483032
2702968
2116544
1440018
1595667
653489
1890216
638947
1509693
2307246
1529761
2453659
1701539
1164988
1259653
2246412
209285
854317
601731
2511242
2122773
2144225
1744596
1331610
2473365
2433776
2061081
880163
3081746
617825
1565367
1306932
2648427
2744951
2740179
1871283
2198578
1188847
1395967
1492628
2338526
1215044
2875778
3293035
3513644
3170110
3528869
2114461
1859247
1859223
1601284
1145169
2523985
2624042
1828903
1765081
1872989
2420423
2232950
2097855
2514021
1494402
345189
2220891
2460834
2624227
1141084
2275680
1438221
2601109
3326839
3121055
2651853
2792317
2497505
1609620
2186894
1533390
2430410
2739798
2894023
3514241
2393405
3889346
3666952
3851543
2295195
