2841428
3034573
2764088
2593365
2708949
2362339
2328816
1752926
1752927
1722835
1649528
1712377
1660602
1649525
3093570
2082018
2105741
2082011
2082013
2082007
2082010
2082006
2082008
1803763
2082012
2082009
2815315
2242435
2242434
2419749
2419748
1860169
2911355
2082447
2211018
2223303
2211017
2211019
2077119
2077120
2077121
3551549
380625
2732588
2732587
2699196
3350384
3350381
3350383
3350380
3350382
3321989
1621319
1179007
3385967
3385966
3385965
3385971
2872154
2983479
3206402
3671976
3082675
1412805
3591502
823257
1856597
3088767
1023355
720314
1434424
2659369
2659368
2826730
1192807
1889232
1907933
3414173
3355394
1205876
2345714
2146365
433005
3008156
1682749
1763938
1612129
2437233
1997307
3471880
1429885
3114956
3052611
2173528
2811014
975588
927672
871116
2478754
3612033
3415931
3083836
1582287
2970030
3624414
3322613
1031991
1007522
1107102
3579406
3144118
1765848
1140187
2360394
2069999
1247759
2244060
2978571
2365752
2881890
2874408
3196322
2076663
3142746
1997892
1695382
1816113
1741741
2239445
624133
2924352
2132119
3322513
2026764
807074
2477069
2477065
1241370
129891
126645
1722406
658127
657917
1029307
869222
962194
1537566
1849580
2504668
3645144
862338
1073789
1065821
784791
1740092
1219148
715013
668662
427090
1030374
1016169
1256809
1808605
550235
1131747
1172819
791274
1775315
1131424
902888
877564
921840
704360
1838165
1398123
2088202
805029
794779
792989
860022
1799431
118971
1216439
1285839
1164324
223397
1182535
1541243
1301562
2509953
224132
772293
1290095
1972924
1661222
1121435
897279
267052
3491545
3311891
3208695
2482032
3890723
2830966
3433242
2219880
3089379
2874944
1545078
1200272
1291481
1459311
257793
753671
460515
1093704
1240390
2125715
889228
2688706
1476604
2947984
131891
368238
663992
744673
930249
890190
1861487
1242895
1191349
1964146
1848317
894011
1457148
609843
2349497
783860
1580160
1512093
1599393
2643109
2632518
1506910
665149
408378
305227
1749822
1508083
669496
2111505
2019880
2689434
526757
929660
2689459
2646080
2270137
2603745
637489
761379
1505901
1635388
3693870
3276724
2153557
3322445
1509693
1466329
1121909
725718
955737
1170505
1990449
839627
718156
1172150
965243
796161
1399834
745360
806325
1654883
306683
687624
877312
907479
1148303
1037583
1494828
1544643
1941568
2183215
2169357
209276
986939
523376
2361466
1231420
1733381
2540371
3481645
2680522
3287781
2346860
2918146
1682424
1083470
1094551
1434564
587547
2324154
2335757
691025
1626300
2084629
2489835
432155
2383922
1419801
1551576
1230741
2761337
3333745
2680247
831443
1694787
1600415
665721
1312375
1569904
117580
1416916
2382743
2002882
2280910
2226504
2719305
1432041
3764598
1679788
2535249
1149471
1294935
1320129
754143
574187
1100265
1162919
2148623
2449759
2819791
1397146
1122874
2012802
1890973
2700934
2026805
1414400
817155
635679
1180080
502581
1258579
939618
2027309
1997150
1613466
1201636
1402167
1700588
160486
975418
473210
475805
2651798
2823535
2476527
793845
711923
1683700
1039881
1715956
1494341
1229651
1439240
1543159
2207231
2486013
1118005
2689713
1115462
676172
2451933
1820339
151229
2014556
1811527
1469240
1943817
1714882
1804279
512000
803964
765740
2271070
1964152
1964153
2039119
1754777
1082260
1918015
2341602
1218337
2441605
845391
1601387
1317090
1171316
884664
2013
2036340
1361805
424925
1745634
2078661
1007546
1935748
2629594
985141
2233919
765327
974662
1672204
1380717
1972186
625507
1168109
2316176
2196289
796720
517308
613411
675734
1727798
2162263
2079597
2245529
1614500
1398002
1001682
403039
243487
2126752
1634985
1100512
861180
2209289
2517071
1128411
718679
281631
1358913
2218881
2157818
