1628302
1504903
2662925
2466971
2595876
2351364
2462245
1347099
1382561
1438557
1468581
2239073
2265623
2142341
2132928
1086050
1040424
1048276
1984258
1946834
1984256
2077854
1909963
1263210
1266100
1265214
1142608
1267365
1843663
1092615
1464584
1498891
1517055
1464582
1464591
1464587
1464590
1464581
1464448
1897317
1897316
1587059
870152
965524
973046
870481
867819
1610567
1586591
1691949
1612281
1586427
2830281
1406011
2534559
2540399
2523668
1752368
1093078
2905591
2156070
2132924
2137969
2907457
2902384
2979430
2145701
2137778
2176591
2138577
2431786
2328433
1693575
1694583
2907086
2977897
2906211
2906715
2908653
1574003
1573999
1573997
2645464
2637278
1094551
1095566
1093434
822765
1519160
1549739
1462801
1475722
2127653
1245231
1284430
2479479
1571592
3587036
3595696
3569579
1219210
2591748
2559287
2566471
1103732
1894825
1421439
804021
767280
791625
2022378
1960286
2657705
3121055
1562497
1469136
1299008
1182535
1208032
1215429
1825258
1774822
1774821
1298998
3067295
1591138
2209289
1257564
3071477
945157
1569153
862338
869973
2178107
1505029
1540892
1738176
2870245
2552930
967546
967558
2958956
1506395
1716034
1229651
2719462
2654506
1895699
1899759
3164032
1314987
1631457
1914037
1924570
2546844
2546548
2549105
2546549
1313971
837694
1272890
1180080
1698476
1946661
1946662
1232752
1527960
1408449
2632448
1193177
1057141
1680868
2631924
646609
1583277
2801406
2625175
2267413
2355252
2402115
2327841
2187624
2136959
1756927
1756926
1283568
1283567
2505367
1600778
1624291
2753127
1762265
1762267
1472242
1741093
1740092
1183208
1776148
2731544
2034862
2032559
2311599
2311598
2451494
2430973
2565270
1483766
1405185
1403907
1510744
1881586
1480798
1617365
1204537
1204536
1204535
641605
2326935
2201524
2201521
1378892
1238045
2195728
1922293
746315
733432
1294402
1353936
1208919
1500772
1245003
1454407
1342357
1417119
1166087
1710182
1598024
765525
1852786
1851537
1853553
2112385
1845874
3117364
2882501
1433306
1431540
2046351
1429457
1765081
1906615
2680634
2635238
836936
863563
870323
1114721
1657723
1331610
2764843
3140998
2040486
2055575
2097855
966177
805029
2220106
1398110
1257855
1740993
1399834
2974323
1700432
3124446
2699222
2023935
2149792
2139225
2127199
1266235
2643111
2643109
1132818
1598696
1787848
1029255
846872
917176
1803623
1676666
3057732
2116544
1494341
1678973
2148623
918415
898597
994310
1023091
1171316
844103
1022959
1309336
2365714
2689434
1974246
1973467
1973466
1488838
1905993
1102712
1854283
2198933
823455
1291225
1122874
2660097
839947
1688458
1872563
1521299
345189
3731628
1185232
1242895
1256483
1227359
1213579
1220396
1234400
1182462
1130281
1296538
1442992
1305761
1341641
1359916
1307659
1371390
1294884
1294882
1252022
1191349
1267197
1267198
1077604
104229
1061972
1310748
1460113
1457148
1366681
1395749
1512691
1674139
1543234
1536579
1702072
1605179
1546209
1655332
1579624
1534949
1599426
1566967
1567481
1870149
850104
1870148
1343438
1461252
2577511
1538272
1415526
1649994
1921147
1710847
1988829
1989536
1710849
2062913
2004828
1710845
1726617
1710848
1977469
1625963
1679782
1679799
1679794
1679788
1679789
2296022
1657931
1586083
1603540
1765069
1685774
1553356
1562547
1562546
1562545
1563057
1751496
1753084
1756964
1794985
1811460
1725906
1760861
1857321
1836165
1837462
1733884
1865037
1793422
1961615
1937417
2011555
1978196
2079995
1915416
2098486
1925556
1911665
2199470
2020385
2622411
2577810
2026680
2050620
1950290
2093687
2167873
2039533
2556204
2340924
2333302
2548638
2229349
246242
222411
239057
246585
222391
241739
223726
252482
238766
238765
229851
223725
246241
246584
240106
241294
239058
2232950
2293731
2263374
2198530
2200063
2205402
2250833
2242173
2142716
2263159
2424513
2406372
2369945
2378216
2330574
2353509
2363298
2379651
2490524
2535680
3076066
2794464
2742940
2478754
2367517
2365948
2371698
2388562
2442129
2445269
2439848
2473220
2456930
2332462
2485418
2632518
2498577
2527492
2715108
2715105
2715106
2670866
2731139
2778366
3136135
2778368
2662757
2662758
2662745
2724375
2722429
2722432
2633754
2710278
2628834
2711306
2648634
2647275
765873
764125
794894
763946
751874
781213
494818
783127
773398
646391
3168656
687624
3169568
727637
727636
655682
683970
687530
655680
655686
3132824
3160036
3150892
3155044
1632051
2438517
1652613
1632050
2411157
1701539
3549855
3495348
3209907
1016795
1290915
1290916
1451216
1487797
1435452
1478117
1657952
1649874
1564926
1762037
1725782
1775315
1799568
1844019
2078232
1907310
2125720
2125719
2528448
2528447
2125716
2125723
2125715
2125724
2125712
2125710
2161305
2173072
2084629
1977577
2278246
2281727
2366247
2646080
2970565
2699240
2734059
2724800
2966498
3229021
769656
712015
1839789
3207042
3429000
591347
3228592
3228591
1049018
1157344
1110826
1110825
1253592
1481746
131891
1532546
1347983
1347984
1481624
1496794
1592079
1717464
1717456
1704984
1682424
1610046
1578322
1717851
1697022
1850759
1876210
1873090
1753456
1754068
1749449
1768797
1777067
1888082
1883745
2579159
1804058
1577898
1857880
1811970
2183213
2183214
2183215
2183169
2183138
1922626
1965649
2061081
2089944
1940641
2134823
2014201
2023996
2020982
2016168
2116181
2296259
2301514
2652498
2322600
2277236
2330808
2218545
2266726
2198640
2205657
2226504
2218609
2591381
2591358
2520633
2520609
2521073
2430086
2440264
2450610
2503993
2515388
2556238
2592760
2549327
2486013
2486401
2542628
2407900
2740912
3119369
2585811
3179665
2577747
2791466
2659858
2664322
2668755
2831957
2719485
2639156
2771203
678106
418768
415479
752980
3170075
724470
724471
467821
499839
431717
894011
902709
612871
733919
1128403
1131868
2219880
2219879
3503278
3503277
3447150
3387004
3228666
1093629
3397015
1761677
3603353
1063364
1040647
1149471
1156568
1225317
1110112
1226973
1416966
1477241
1262763
1173113
1043326
1124857
1306399
1306398
1395845
1408937
1321492
1492654
1542373
1605734
1644000
1688157
1593262
2567316
2371383
2563333
2610216
2284947
3021732
2235373
2300212
2169357
2152663
2259267
2783227
1977951
1990062
2014039
2011173
1977950
2036903
1991349
1897551
1890216
1813910
1868827
1868567
2508547
903397
2241715
3157743
3309493
3294612
786867
784791
846613
775782
841599
797108
2842861
2817542
2834164
2778653
2779001
1282629
1233157
1039511
1039510
1456417
1456429
1694787
1670874
1629264
1700933
1572058
2339927
2354439
2622409
2565415
2531431
2229417
2223295
2291305
2258007
2259972
2259971
228425
2096523
2042429
1993172
2127114
1952151
1741989
1803114
1813622
1895860
1818097
1841827
3099626
3117185
3070177
3070176
2700108
3101942
3101944
3101943
3110027
1082403
1249833
1178810
1288341
1173001
1522511
1459734
1442846
1746514
1419954
1484308
1595667
1706796
1566634
1567435
2586211
2475489
2573493
2321257
2153775
2299178
2160148
1942387
2090255
2068168
2072475
2061247
2076801
1843575
1871128
1725369
1858669
1926338
2785316
3063146
3108533
3064811
2819139
2758299
2938227
3105129
3041193
87570
925160
925161
530250
771496
1158221
1092234
127944
1168109
1439240
1320129
1430468
1426038
1430822
1383451
1344860
1342612
1518683
1650139
1588075
1578784
1707563
1636722
2606014
2340789
215906
2232812
2294527
2009432
2011188
2011189
1831435
1891907
3078415
3087146
2831914
3004748
341005
776295
841899
959194
1245714
1071438
1398848
1425112
1662480
1643641
1591251
2423227
2531854
2421546
2493793
2379756
2310343
1970040
2004799
2057956
1857003
1807831
1785659
1826136
1810670
2727064
2932798
2960557
2809623
2849253
2847746
995533
878756
921840
786379
1520445
1464221
1649466
1707994
1708902
1609620
2508518
2528118
2528119
2471173
2221095
2150449
2306594
2252249
2280507
2294575
2075268
2131792
2073076
2103267
1836456
2811326
2696829
2823125
801557
842254
3311391
1351114
1398810
1679283
1694521
1589607
1635233
2285424
2172199
2160548
2283637
2316222
2046771
2056126
1974347
2127254
1773876
1809677
1722791
2702487
2881229
2852070
538765
938174
959233
3333745
2930810
862192
3383612
3550482
1991145
839711
657519
2446893
1843086
2255709
778603
2147091
2134989
1528842
1012160
1820339
1782390
833389
2285188
3193011
2600081
3270303
1545078
3075536
2269684
3904576
3481645
3143626
3143627
2700934
2147615
1749822
1551576
1771721
2803777
1819025
2623955
3201147
1929268
1476582
1992818
1301562
1531688
2361622
1812392
736300
2449759
2185106
2819791
1986140
1979601
1607120
2058585
2182118
2717891
3205635
2736518
3406394
2627084
2585627
1219310
1140187
1765848
1966086
2517999
1508083
1682373
1294898
2034284
2441033
2123641
1515687
2874944
3263248
2643115
813588
1024742
1527475
1864175
3764203
1692260
2745135
1509639
2936071
1978996
1740944
2114461
380029
2996940
2651794
2303231
2389811
2793108
2633634
2631156
3890723
3221274
3871738
1700588
1972924
1909993
978213
2194972
837567
2493113
3311891
1997307
2388297
1693956
1041261
1121909
1495709
2254959
1188847
2476527
626475
1206499
2248408
2651798
1479007
1200272
1955676
2453659
2307246
1189538
1529697
1820170
1814107
1351972
1661222
2983325
3433242
3185984
2367232
1112356
1515961
1585754
2559639
2581265
1971922
1426926
1655730
2223096
1398123
2404675
2089089
2256091
2114786
2216541
869286
254656
1733381
1093703
1093704
1544689
2097119
1615502
146610
1120184
2279885
2069999
1201899
1606977
1354636
1028537
1772923
1106704
1603081
766891
1746840
2260036
1505901
1492628
2102360
2063570
1107970
478437
473210
1131747
1499028
1269406
2458212
2543990
992389
1520964
546944
1838165
2605902
229695
1784484
2236734
1350353
1927666
1927665
987514
1082510
1291369
2708983
774514
796311
1291481
131564
1049617
1969171
1722406
1417797
2011421
1722011
1722775
3299359
2617306
2615879
2768155
1906388
2855075
2961607
3205720
2708961
2708957
2708960
3226352
3288402
2611132
1852605
1853289
2413619
2288616
2301034
2317802
3226406
1576337
3263131
2907229
3311337
2482462
1639734
3156883
3156885
2915478
1966391
2122773
2502505
1715955
2643106
3208076
3204197
3196748
2633668
1734156
1726857
1756216
2144017
3236428
3156268
3180420
1131896
3301301
2745944
3338830
3098371
2961640
3366758
3082062
2582733
2632756
3144425
2569027
2916573
2973666
1603128
3411617
2846226
3181309
2969095
1474888
3305281
3195227
3003419
2309545
3216888
3229091
3205991
3169644
2844308
1901537
3113565
3146877
2437960
2560657
3239350
3172759
2979785
3315949
3354309
3319312
3459454
3410085
3089374
633993
1893520
1907880
1992967
2124848
3299412
3404214
2443189
1563654
625323
1105826
2060199
2588797
2393405
3135448
1878931
701033
478605
3871587
2596971
1492621
1033002
2719326
1478218
1015266
1572436
2457696
2535968
1584614
1125109
2455742
776951
3333706
1541243
1439137
965369
3002756
1863246
2190586
794779
3440632
2131544
1968148
772293
1392007
1559974
2651787
2463985
1781876
1973805
1271397
2256387
2113754
1453452
1623025
1580160
1654883
2018651
2413265
2417486
2294521
2427952
2612580
1123616
880496
224132
1432358
2164095
2119027
2699135
3152398
1774031
3136057
3089024
3229058
2186894
2399834
3333703
2352892
2868388
3420529
2460797
1062577
1419875
1548125
2056945
2784409
1853452
1058995
2680328
1425953
1510498
1242790
3044230
2884332
2631387
3398520
3373369
655794
2631167
2044485
1171420
3199701
3216536
799401
3276740
3273002
2578841
1236601
2352180
1538480
2199762
908093
3475887
2581632
3279045
2779114
2779105
2926947
2196727
2237074
1149423
2369202
2333525
1479927
1637102
3257640
3460802
2732602
2504503
1382052
1892649
1695068
3102501
3250375
1633532
1819249
2975107
3377399
1842523
297811
2733296
2659353
2332178
2361457
2520179
2049842
3491545
2287657
2287658
2791096
2376713
2680792
2195883
2865359
2133938
2085958
2895177
2413373
1972913
2095627
1512093
1402167
2910854
1896581
3034595
1741529
1541098
3142477
1568203
1475876
3228488
2996741
2827368
3236705
2517295
2541434
1523119
1690475
1914365
1264495
2610417
1551834
3172728
2730666
1553265
3084237
1231144
1231143
3557474
3200714
3688631
2055425
3089701
1910987
1263893
3088665
3802313
3614063
3352759
2514021
3157782
1459108
3276605
1453545
3688650
2395150
175666
4033196
